34330,3072,false,1,0.17891699
34330,3073,true,1,4.8765335
34330,3074,true,1,3.3511634
34330,3075,true,2,4.6455965
34330,3076,false,1,3.8741732
34330,3077,true,1,3.33977
34330,1030,true,3,4.668394
34330,3078,true,3,3.5510073
34330,3079,true,1,4.60219
34330,2056,false,1,2.8374462
34330,3080,false,2,1.2111058
34330,3081,true,1,3.690273
34330,3082,true,1,4.9568596
34330,1035,false,2,3.1209571
34330,3083,true,2,4.9714675
34330,3084,true,2,4.915909
34330,3085,false,1,1.3975618
34330,1038,true,4,3.7023666
34330,3086,true,9,4.970654
34330,1039,false,2,0.20572728
34330,3087,true,6,3.9268265
34330,2064,false,2,1.6017406
34330,3088,true,2,3.1493375
34330,3089,true,2,3.7842066
34330,3090,false,1,1.2980976
34330,3091,true,2,4.6171675
34330,3092,true,6,4.396987
34330,3093,true,1,3.8923242
34330,3094,true,1,4.5811987
34330,1047,true,4,4.9077935
34330,3095,true,1,4.8569674
34330,3096,false,1,3.4977965
34330,3097,false,1,0.61606956
34330,3098,true,1,4.7641897
34330,3099,true,1,3.0671377
34330,3100,true,2,4.441452
34330,3101,false,1,1.1180224
34330,3102,true,4,3.5235248
34330,3103,true,1,3.608831
34330,3104,false,3,3.4373484
34330,3105,true,1,4.441052
34330,2082,false,2,3.0646043
34330,3106,true,2,3.9832313
34330,3107,true,3,3.2737699
34330,3108,false,1,3.2882853
34330,3109,true,2,3.9497066
34330,3110,true,1,3.941663
34330,3111,true,2,4.601718
34330,2088,true,1,4.6411133
34330,3112,true,1,4.920969
34330,3113,true,3,3.9909167
34330,1066,false,1,0.3364942
34330,3114,true,2,4.2485275
34330,3115,true,4,3.5187886
34330,3116,true,1,3.670631
34330,3117,true,3,4.43194
34330,1070,false,1,3.5683773
34330,3118,false,1,2.1108975
34330,3119,true,1,3.3541107
34330,3120,true,1,3.9801657
34330,3121,false,1,1.2622831
34330,3122,true,5,3.0223322
34330,3124,true,5,4.153087
34330,1078,false,1,0.8238036
34330,2102,true,2,3.9362273
34330,3126,true,1,4.029084
34330,3127,false,1,2.0794117
34330,1080,false,1,2.9192362
34330,3129,true,2,4.8145
34330,1082,false,2,0.7025791
34330,3130,true,3,3.725288
34330,3131,true,1,3.1951785
34330,3132,true,3,4.8467455
34330,2109,true,1,4.668705
34330,3133,true,3,4.47278
34330,3134,true,1,4.92562
34330,3136,true,7,3.5314064
34330,3137,true,1,3.5819097
34330,3138,true,1,4.9513073
34330,1091,false,1,2.6898274
34330,3139,true,1,4.272624
34330,3140,false,1,2.099961
34330,3141,false,1,1.8759313
34330,3143,true,1,3.9379516
34330,3144,true,1,3.403025
34330,3145,true,1,4.1622877
34330,3146,true,1,3.7502513
34330,1099,false,4,1.1302786
34330,3147,true,4,3.8365684
34330,3148,true,1,3.2251544
34330,3149,true,1,3.313887
34330,1102,false,1,2.7310002
34330,3150,true,3,3.0110037
34330,3151,true,1,3.2712073
34330,3153,true,1,3.1271987
34330,2130,false,1,1.0928007
34330,3154,true,5,3.3342268
34330,3156,false,2,0.54733175
34330,2134,false,1,1.5865223
34330,3158,true,1,4.1133404
34330,3159,false,1,1.3644043
34330,3160,true,2,3.1540303
34330,3161,true,1,3.3988855
34330,2138,true,1,4.6249533
34330,3162,true,1,3.3295367
34330,2139,false,1,1.5126469
34330,3165,true,1,3.3575413
34330,2144,false,1,2.486729
34330,3168,true,1,3.6081405
34330,3169,true,3,3.9414842
34330,3170,true,2,3.343048
34330,3171,true,1,4.2043223
34330,3172,true,1,3.6572342
34330,1125,true,2,4.603416
34330,3173,true,4,3.914825
34330,3174,true,1,4.536072
34330,1128,false,2,3.4799516
34330,3176,true,2,3.1259737
34330,3177,true,2,3.7109892
34330,2154,true,2,3.2234967
34330,1131,false,1,2.4681025
34330,3180,false,2,0.23347247
34330,2157,false,1,2.9777455
34330,3181,true,6,3.9411788
34330,3182,true,3,4.35229
34330,3183,false,1,3.7887697
34330,1136,true,1,3.0738513
34330,3184,true,3,3.80913
34330,3185,true,1,4.0757613
34330,3186,true,3,3.0408893
34330,3187,true,1,3.2189796
34330,3188,true,1,3.8020256
34330,3189,true,1,3.3936052
34330,3190,false,1,0.24644136
34330,3191,true,1,3.1028194
34330,3193,true,5,4.4198275
34330,3194,true,3,4.0662374
34330,3195,false,2,2.2792425
34330,3196,true,1,3.4043927
34330,3197,true,3,3.4738503
34330,1150,false,1,2.7037923
34330,3198,true,1,4.796176
34330,3200,false,1,3.3218381
34330,3201,true,4,4.395068
34330,3202,true,2,3.4580936
34330,3203,true,1,4.310041
34330,3206,true,1,3.3206706
34330,3209,false,2,2.8827326
34330,3210,true,1,3.6192563
34330,3214,true,1,4.231369
34330,3215,true,4,4.3041773
34330,1168,false,1,2.439361
34330,3216,true,1,4.5293465
34330,3217,true,1,3.4458003
34330,3218,true,2,4.2247167
34330,3219,true,1,4.3922653
34330,2196,true,1,4.7303033
34330,3220,false,2,0.6881976
34330,3221,true,3,4.7100782
34330,3222,true,5,3.8523982
34330,2199,false,1,3.9681685
34330,3224,true,1,3.0092587
34330,3225,true,4,3.703243
34330,3226,true,1,4.6257653
34330,3227,true,3,3.7303038
34330,3228,true,2,3.0965238
34330,3229,true,1,3.1322315
34330,3230,true,1,4.499619
34330,1183,false,1,0.7831459
34330,3231,true,1,4.499893
34330,3232,true,3,3.4709573
34330,3234,false,2,3.4003227
34330,1187,false,1,0.2859938
34330,2220,true,5,3.7053668
34330,1199,false,1,2.4460566
34330,3247,false,1,2.0055454
34330,1204,false,2,0.82733387
34330,2236,true,3,3.982508
34330,3261,false,1,3.3316221
34330,2239,false,1,2.7256775
34330,2242,false,1,0.9958862
34330,3268,false,1,3.0892103
34330,2249,false,2,2.8782432
34330,205,false,1,3.54931
34330,206,true,2,4.9408765
34330,208,false,2,1.4236344
34330,1237,false,2,3.9868913
34330,2269,false,1,3.7825563
34330,3293,false,1,2.0917985
34330,222,false,1,1.7683659
34330,3294,false,1,3.4940388
34330,3296,false,1,1.2496231
34330,3297,false,1,3.292969
34330,3298,false,1,3.0770545
34330,2278,false,1,0.6856721
34330,2282,true,2,4.07028
34330,3306,true,4,4.872133
34330,3309,false,1,3.7031667
34330,3311,false,2,1.4381275
34330,2289,true,1,3.970915
34330,243,false,2,0.39163554
34330,1269,true,1,3.6191814
34330,1270,false,1,0.24031323
34330,247,false,1,1.2555132
34330,2295,true,1,3.9578633
34330,3321,false,1,0.9223837
34330,2301,false,2,1.9532564
34330,3326,true,1,3.5907674
34330,2303,false,1,1.3389804
34330,256,false,1,0.7120313
34330,3330,true,1,3.9212537
34330,3333,false,2,1.1262379
34330,1286,false,1,3.343497
34330,2310,false,1,0.5011037
34330,1291,false,2,2.767051
34330,3339,false,1,0.47832388
34330,269,false,1,2.5740685
34330,3343,false,1,0.24140626
34330,1310,false,1,1.3366286
34330,2335,false,3,3.3762536
34330,1312,false,1,0.7336486
34330,292,false,3,3.5764549
34330,298,true,1,4.051656
34330,3370,false,1,1.2621202
34330,1323,true,2,3.9990537
34330,2347,false,1,1.1839775
34330,1325,true,2,4.6129827
34330,303,false,1,3.6752336
34330,1328,false,1,2.7688825
34330,2352,true,8,4.486862
34330,1329,false,1,2.5462008
34330,1331,false,1,0.6070323
34330,3382,false,1,0.7192922
34330,2359,false,1,3.6227226
34330,1338,true,2,3.3334954
34330,2362,false,2,0.44101584
34330,315,true,1,3.4214587
34330,2364,false,1,2.548999
34330,317,false,1,1.1234548
34330,325,true,1,3.2967482
34330,2374,false,1,1.6579545
34330,3399,false,1,1.8991263
34330,1359,false,1,1.181265
34330,2383,false,1,1.1687003
34330,1364,false,1,3.4016132
34330,341,false,1,2.9506724
34330,2389,false,1,0.4881493
34330,1368,false,1,0.14068812
34330,345,true,1,4.7250414
34330,3418,false,1,1.765367
34330,3420,true,1,3.5580285
34330,1374,false,1,2.1271122
34330,2402,true,1,3.3930445
34330,2409,false,1,0.18088037
34330,3434,false,1,3.6933765
34330,3435,false,1,3.067485
34330,3437,false,1,3.5358174
34330,2418,false,1,3.03966
34330,3452,true,1,4.451611
34330,383,false,2,3.4442685
34330,2431,false,1,3.3562891
34330,1408,false,4,1.0236754
34330,3456,true,1,4.7204127
34330,385,true,1,4.5895543
34330,2434,false,1,1.9123617
34330,3460,false,1,2.7974381
34330,1414,true,3,3.5570087
34330,3463,true,2,4.1194024
34330,2440,false,1,3.4927213
34330,395,true,2,4.8828983
34330,396,false,1,2.425441
34330,1420,true,1,4.2880697
34330,397,true,5,3.3010786
34330,3470,false,1,1.5180135
34330,1423,true,2,4.674191
34330,2447,false,1,0.45444608
34330,400,false,1,3.989551
34330,404,false,1,2.872487
34330,1430,true,2,3.5588307
34330,2456,true,2,3.3126626
34330,1440,true,1,4.71972
34330,2464,true,4,4.327195
34330,3488,false,1,0.46470928
34330,3489,false,1,2.5516286
34330,1444,true,3,3.6644523
34330,2468,false,3,0.7128961
34330,2472,false,1,2.7564766
34330,2473,false,1,0.70585364
34330,2477,false,3,0.4089685
34330,2478,false,1,0.6452076
34330,2479,true,1,4.7267265
34330,2480,true,1,4.002042
34330,3505,false,1,1.1060462
34330,2484,true,2,4.579256
34330,3508,true,7,4.12564
34330,2488,true,2,4.5678587
34330,3512,true,1,3.416317
34330,3514,false,1,3.8473616
34330,2491,false,2,1.1709757
34330,2492,true,1,4.452367
34330,3516,false,2,3.8748314
34330,1470,true,1,4.761096
34330,2495,true,3,4.8622108
34330,1476,false,1,2.0819492
34330,3529,false,1,3.7902787
34330,2507,false,1,0.6517736
34330,1484,false,1,2.155896
34330,1487,false,1,1.0736494
34330,1495,false,2,3.2964742
34330,3545,false,3,0.19429278
34330,1499,false,2,3.8940299
34330,2524,true,1,3.0919213
34330,3552,true,1,3.9448152
34330,484,false,1,0.64144313
34330,2535,false,2,3.449942
34330,3563,true,6,3.827487
34330,2542,true,3,3.2799184
34330,496,true,1,3.7888517
34330,498,true,2,3.1323886
34330,1522,true,3,4.4325094
34330,3572,true,9,3.7082214
34330,502,true,2,3.3037143
34330,504,true,1,4.6502857
34330,1529,true,1,3.9902565
34330,506,false,1,0.09958941
34330,3579,false,3,1.8881199
34330,508,false,1,2.264645
34330,1533,true,1,3.0298977
34330,2560,false,1,1.8727423
34330,3584,false,1,2.4612563
34330,1537,true,1,3.3756895
34330,2563,true,1,3.7042413
34330,1540,false,3,0.023212612
34330,2567,true,1,3.411193
34330,2569,true,2,3.1938002
34330,1547,false,1,3.7933412
34330,2574,true,2,4.2281976
34330,527,false,1,1.9557041
34330,2575,true,3,4.311038
34330,1556,false,1,3.2881064
34330,534,false,1,0.2372961
34330,2585,false,1,1.5347469
34330,538,true,1,4.8652325
34330,539,false,1,1.0112543
34330,1563,true,2,3.532782
34330,540,false,1,3.5563333
34330,541,false,1,2.3171074
34330,1567,true,2,3.9815512
34330,2592,true,5,4.1760774
34330,2594,false,1,1.7567972
34330,2595,false,1,3.3386302
34330,548,false,1,3.9851513
34330,2597,true,1,4.2422323
34330,1581,true,1,4.3481417
34330,558,false,1,3.9834514
34330,2614,false,1,2.1444612
34330,568,false,2,0.89649266
34330,2619,true,1,3.8626146
34330,574,false,1,0.07939738
34330,584,false,1,0.2790823
34330,1609,false,1,2.5375562
34330,595,false,2,0.9211408
34330,1620,true,1,3.971654
34330,602,false,1,3.560868
34330,1630,false,1,1.9281867
34330,1631,false,1,1.9337783
34330,1637,true,1,4.1384134
34330,2672,true,1,4.7860446
34330,2673,false,1,2.787947
34330,2675,true,1,3.086356
34330,2676,true,1,3.037069
34330,2677,true,2,4.321928
34330,1654,true,2,4.583091
34330,2678,true,2,4.84222
34330,2679,true,4,3.8562367
34330,2680,true,3,3.8929975
34330,2681,true,2,4.387294
34330,1659,true,1,3.1348133
34330,1661,true,1,4.8352423
34330,2685,true,3,4.6913958
34330,638,false,2,0.8443295
34330,2686,true,3,3.5053415
34330,2687,true,2,4.261291
34330,1664,false,1,1.9744394
34330,2689,true,6,4.639277
34330,2690,false,1,0.5988087
34330,2691,true,3,4.113101
34330,2692,true,1,4.2202806
34330,2693,true,1,4.529191
34330,646,false,1,2.3659906
34330,2694,true,6,4.4418983
34330,2695,true,3,3.8922737
34330,2697,true,1,3.886278
34330,650,true,3,4.5523973
34330,2698,false,1,1.3442101
34330,2699,true,5,4.7503843
34330,2700,true,1,3.6978807
34330,2701,true,1,4.4726915
34330,2702,true,2,3.2516892
34330,2703,true,1,3.5050092
34330,2704,false,1,3.7183988
34330,657,false,2,1.6663638
34330,1681,false,1,2.7945647
34330,2706,false,1,0.17415142
34330,2707,false,1,1.307381
34330,2708,true,1,4.4321823
34330,2709,true,1,3.8527935
34330,2710,true,3,4.9878063
34330,2712,true,2,3.171931
34330,2715,false,1,2.7777634
34330,2716,true,6,4.4407268
34330,2717,false,3,3.7674265
34330,2718,true,1,3.608522
34330,1695,true,2,3.9598856
34330,2719,true,1,4.3463182
34330,2720,false,1,2.01272
34330,2721,true,1,3.7747893
34330,674,false,1,0.22586691
34330,2722,false,1,1.5759718
34330,2723,true,1,3.8435402
34330,2724,true,2,3.0663574
34330,2725,true,9,3.6276236
34330,2726,false,2,2.1392257
34330,2727,true,1,4.350537
34330,2728,false,2,1.3817632
34330,1705,false,1,0.93653417
34330,2729,true,1,4.4473476
34330,2730,true,2,3.0015821
34330,2731,true,1,4.344073
34330,685,false,1,1.1662418
34330,2733,true,4,4.2289915
34330,686,false,1,1.285541
34330,2734,true,1,4.363657
34330,2735,true,1,4.5057287
34330,2736,true,1,3.9559793
34330,2738,true,1,3.7252574
34330,1715,true,3,3.3320215
34330,2739,true,1,4.296301
34330,692,true,1,3.9082258
34330,1716,false,1,3.4599838
34330,2740,true,1,3.2074246
34330,2741,false,1,1.7404528
34330,2742,true,4,3.213054
34330,2744,true,4,4.2683573
34330,2745,true,3,3.5676832
34330,698,false,1,0.5932431
34330,2746,true,3,4.958782
34330,2748,true,1,4.17473
34330,2749,true,2,4.2561636
34330,2750,false,2,1.0759611
34330,703,false,1,3.3591485
34330,1727,true,2,4.1069117
34330,2751,true,1,4.8111496
34330,2753,false,1,2.141491
34330,2754,true,2,4.643255
34330,2755,true,2,3.0606809
34330,2756,false,1,0.50115025
34330,709,false,1,0.9349623
34330,2757,true,3,3.2923667
34330,2758,false,1,0.1127491
34330,2759,true,4,3.9776769
34330,2760,false,1,3.6924007
34330,2761,true,1,4.87629
34330,2762,true,1,4.9953947
34330,2763,true,1,4.054804
34330,2764,true,2,3.2332222
34330,2765,true,1,4.2587976
34330,1742,false,1,2.0768924
34330,2767,true,1,3.3229573
34330,1744,false,1,2.1952024
34330,2768,false,1,3.4645827
34330,2769,true,4,4.6448164
34330,2770,true,1,4.2194157
34330,2771,false,1,3.0032775
34330,2772,true,3,3.9929438
34330,1749,false,1,1.4059743
34330,2773,true,2,3.5613015
34330,2774,true,1,4.0471163
34330,2775,true,1,4.8404202
34330,2776,true,2,3.1814094
34330,2777,true,1,4.5349174
34330,2778,true,1,3.0095823
34330,732,false,1,1.2781174
34330,1756,true,3,4.2900634
34330,2780,true,1,4.939432
34330,733,false,2,1.103879
34330,2781,false,1,0.8453271
34330,2782,true,1,3.9994595
34330,1765,false,1,0.458431
34330,2790,true,10,3.18911
34330,1767,false,1,0.28036195
34330,2793,false,2,3.3254673
34330,750,true,2,3.7665255
34330,1777,false,1,3.2195892
34330,758,true,8,3.4419053
34330,1785,false,1,3.3572176
34330,763,false,1,2.2246654
34330,1788,false,1,2.5070527
34330,1791,true,1,3.1821442
34330,768,false,1,3.267282
34330,769,false,1,2.735927
34330,2819,false,1,3.9342797
34330,775,false,2,1.0455449
34330,777,false,1,1.04614
34330,2831,false,1,2.9897616
34330,1810,false,1,0.04443735
34330,2835,false,1,1.6696457
34330,1812,false,1,1.6798341
34330,789,false,1,1.2278913
34330,803,false,1,0.96268064
34330,1828,true,2,4.0931
34330,808,false,2,3.793278
34330,1833,false,1,1.4644217
34330,1838,false,1,0.12960607
34330,2864,false,1,3.3593016
34330,817,true,2,3.4528918
34330,1842,true,1,3.15456
34330,822,true,1,3.2586389
34330,1849,false,1,0.21737075
34330,828,false,1,1.1122259
34330,833,true,2,4.7857695
34330,2881,false,2,3.617937
34330,1858,false,1,0.17020345
34330,1860,true,2,4.6133957
34330,2886,false,1,0.5383135
34330,839,false,1,0.028512657
34330,842,true,1,4.88264
34330,1866,true,1,4.287948
34330,1870,false,2,1.5570699
34330,2899,false,5,0.18691725
34330,852,false,1,2.2205544
34330,2904,false,1,2.9630167
34330,859,false,1,3.421288
34330,2907,true,1,3.8628967
34330,862,false,1,0.72989714
34330,2910,false,1,3.1339371
34330,2911,true,2,4.503454
34330,2912,true,1,4.046068
34330,2913,false,1,3.068977
34330,2914,true,1,4.876981
34330,2915,false,1,3.4008768
34330,1892,true,2,4.280038
34330,2917,false,1,3.0195465
34330,2918,false,1,3.520512
34330,2919,true,2,3.6453881
34330,872,true,3,3.513978
34330,1896,false,1,0.8240382
34330,2920,true,5,4.775692
34330,2922,true,1,4.063576
34330,2924,true,1,3.2781684
34330,2925,true,5,4.331531
34330,2926,true,2,4.5793934
34330,2927,true,3,4.504298
34330,1904,true,1,4.1756535
34330,2928,true,1,3.273206
34330,2930,false,1,3.0189857
34330,2931,true,2,4.8731527
34330,1908,false,1,1.0702345
34330,2932,true,3,4.867463
34330,2933,true,4,4.700116
34330,2934,true,1,3.8237152
34330,2935,true,2,4.7216744
34330,888,true,3,4.128997
34330,2936,true,2,3.968009
34330,889,false,1,1.4508994
34330,2937,true,6,4.266734
34330,1915,true,2,3.0779796
34330,2940,true,1,3.796384
34330,2941,false,1,3.3317363
34330,2942,true,2,3.1056266
34330,2943,true,4,4.8732266
34330,2944,true,1,4.163604
34330,2945,true,3,3.8021638
34330,898,false,1,1.4042122
34330,2946,true,4,3.7412953
34330,2947,true,1,4.6039286
34330,2948,true,1,4.383444
34330,2949,true,1,3.899785
34330,2950,true,2,4.599987
34330,1928,false,1,1.5291767
34330,2952,true,3,3.0455377
34330,2954,false,2,1.2696996
34330,2955,true,1,4.22908
34330,2956,true,2,4.4609795
34330,2957,true,9,4.6971207
34330,2959,true,1,4.109165
34330,2960,true,1,3.8273206
34330,2962,true,1,4.918501
34330,2964,true,1,3.17592
34330,2965,true,1,3.0343034
34330,2966,false,1,3.4325418
34330,2967,true,1,3.830687
34330,1944,false,1,1.8015292
34330,2968,false,2,3.194334
34330,2969,true,5,4.9973674
34330,2970,true,1,3.8374171
34330,2971,true,1,4.4428678
34330,2972,true,2,3.443457
34330,925,false,1,2.297369
34330,2973,true,2,3.8199813
34330,2974,true,2,3.0519896
34330,2976,true,2,3.9362783
34330,930,true,4,3.4631186
34330,2978,true,2,4.817576
34330,2979,false,2,0.46199512
34330,2981,true,1,3.659743
34330,2982,true,2,3.5102165
34330,2983,false,1,3.4734867
34330,2985,true,2,3.7177718
34330,938,false,1,1.2570755
34330,2986,true,2,4.4334536
34330,2987,true,1,3.752436
34330,2988,true,4,3.1392996
34330,2989,true,2,3.8681924
34330,2990,true,2,4.3449116
34330,2991,true,1,4.4759016
34330,944,false,2,1.1139883
34330,1968,true,1,3.2834048
34330,2992,true,2,4.8025665
34330,2995,true,5,4.322235
34330,2996,false,1,0.7273921
34330,949,false,1,1.7652276
34330,2997,true,3,4.7265177
34330,2998,true,2,4.507725
34330,2999,true,1,3.8532844
34330,3000,true,1,3.1443992
34330,3001,true,2,4.7111635
34330,1978,false,2,1.8821212
34330,3002,true,1,4.1908507
34330,3003,true,4,4.3508973
34330,956,true,4,4.7285256
34330,3004,true,1,4.092189
34330,3005,true,1,4.436345
34330,3006,true,4,3.0288417
34330,3007,true,2,3.4604144
34330,3008,true,1,4.715453
34330,961,false,1,0.12785864
34330,1985,true,3,3.8528748
34330,3009,true,2,3.9172225
34330,1986,true,4,4.953763
34330,3010,true,1,3.2328262
34330,3012,false,1,1.9639456
34330,965,false,1,2.7313569
34330,3013,true,1,3.198635
34330,1990,true,1,3.23143
34330,3014,true,1,4.777316
34330,3016,true,1,4.9452753
34330,3017,true,4,3.9200683
34330,1994,false,1,1.539194
34330,3018,true,2,4.0163054
34330,971,false,1,2.0646284
34330,3019,true,1,3.389106
34330,3020,true,1,4.0177565
34330,1997,false,1,2.6719942
34330,3022,true,1,4.2022834
34330,3023,true,2,3.4166324
34330,976,true,1,3.5824614
34330,2000,true,1,3.2973635
34330,3024,true,1,4.6997876
34330,3025,true,3,3.7540588
34330,3026,true,3,4.7264013
34330,3027,false,1,1.7895336
34330,3028,true,2,4.8852696
34330,3029,false,1,3.3979201
34330,982,false,1,3.5272496
34330,983,false,1,1.664825
34330,984,false,1,2.546867
34330,3032,true,2,3.956422
34330,3033,true,2,3.0791547
34330,986,false,1,3.077176
34330,2010,false,1,1.8405883
34330,3035,true,1,3.8430471
34330,3036,true,1,3.4527907
34330,3037,true,1,3.4261353
34330,990,true,2,3.4171247
34330,3038,true,2,3.5540364
34330,3039,true,2,3.8244047
34330,2016,false,1,2.96632
34330,3040,true,2,4.4951887
34330,3042,true,1,4.0470676
34330,3043,false,1,2.7953777
34330,997,false,1,2.55932
34330,2021,false,1,3.6035957
34330,3045,true,1,3.8824368
34330,2022,false,4,2.376819
34330,3046,false,2,0.81236607
34330,3047,false,1,2.413694
34330,3048,true,1,4.7547865
34330,3049,true,6,3.4987314
34330,1002,false,1,3.2701254
34330,3050,false,1,1.923423
34330,3051,false,1,2.6705658
34330,3052,true,7,3.8641539
34330,3055,true,1,4.4025164
34330,1008,true,1,3.5978024
34330,3056,false,1,1.778357
34330,2033,true,1,4.085111
34330,3057,true,5,4.5463595
34330,3058,true,1,4.894147
34330,3060,true,3,4.33827
34330,3061,true,1,3.7807481
34330,3062,true,1,4.720083
34330,2039,false,1,0.25740302
34330,3063,false,1,1.2466986
34330,1017,false,1,1.3262004
34330,3065,false,1,2.5265446
34330,3066,false,2,1.8042918
34330,3067,true,1,3.8030446
34330,3069,true,2,3.2227204
34330,3070,true,1,4.4954224
34330,3071,true,2,3.2774723
34333,3072,true,1,3.8814695
34333,3073,true,1,4.8528423
34333,3074,true,4,3.613765
34333,2051,false,2,1.5631337
34333,3075,true,2,4.1482325
34333,3076,true,2,4.524335
34333,1029,false,1,3.218184
34333,3077,true,3,4.232381
34333,3078,true,2,3.4854245
34333,3079,false,1,1.2799468
34333,3080,true,2,4.8152304
34333,3081,true,1,3.9310873
34333,3082,true,1,4.807851
34333,3083,true,2,3.181676
34333,1036,true,2,3.5131836
34333,2060,false,1,2.9617505
34333,3084,true,4,3.005766
34333,3085,true,4,4.8566256
34333,1038,true,1,3.4787526
34333,3086,true,1,4.010807
34333,2063,true,1,4.622714
34333,3087,true,2,4.7704935
34333,3088,true,2,3.9728086
34333,3089,true,2,4.787139
34333,3090,true,3,3.7239618
34333,1043,false,1,0.72171634
34333,3092,true,2,3.792304
34333,3093,false,2,1.2245317
34333,1046,false,1,0.12577069
34333,3094,true,2,3.0338762
34333,3095,true,1,3.8304691
34333,3096,true,1,3.2293205
34333,3097,true,1,4.0481424
34333,3098,true,2,4.5236273
34333,3099,true,1,3.5649972
34333,3100,false,1,1.2031454
34333,2077,true,1,3.8005633
34333,2078,false,2,3.4039826
34333,3102,false,1,2.763108
34333,3103,true,1,3.4653716
34333,3104,true,1,3.6417785
34333,3105,true,3,3.2085054
34333,3106,true,1,4.595439
34333,3107,true,3,4.3316307
34333,3108,true,1,4.265261
34333,3109,true,1,3.013443
34333,3110,true,1,4.29373
34333,3111,false,1,2.582686
34333,2088,true,1,4.7767777
34333,3112,true,1,3.0567646
34333,3113,true,2,3.256506
34333,3115,true,1,4.0785446
34333,3116,true,5,3.0045874
34333,3117,true,1,3.2641206
34333,3118,false,1,2.7963738
34333,3119,true,2,4.736076
34333,3120,true,1,3.2931218
34333,3121,true,3,4.5717106
34333,2098,false,1,2.3255599
34333,3122,true,2,4.1811953
34333,3123,true,2,4.2121253
34333,3124,true,3,4.1543427
34333,1077,false,2,0.17705244
34333,3125,true,1,3.417349
34333,2102,false,1,0.9273138
34333,3126,true,1,3.474846
34333,2103,false,2,2.6142328
34333,3127,true,3,4.9598627
34333,2104,false,1,3.18419
34333,3128,true,1,3.8835607
34333,3129,true,3,3.6253521
34333,3130,true,1,3.3777866
34333,2107,true,1,4.098583
34333,3132,true,3,4.2654
34333,3133,true,7,3.4241142
34333,3134,false,1,3.5908732
34333,3135,true,1,3.5606022
34333,3136,true,1,4.9029675
34333,3137,false,1,0.51560104
34333,3138,true,1,3.2142642
34333,3139,true,1,4.0834866
34333,1092,true,1,4.22126
34333,3140,true,1,3.720677
34333,3141,true,1,3.5048447
34333,3142,true,1,4.824698
34333,3143,true,1,4.2096457
34333,3144,true,3,3.7229292
34333,3145,true,1,3.7156487
34333,1098,true,1,4.5864964
34333,3146,true,3,3.1808991
34333,3147,false,1,0.34872103
34333,3148,true,4,3.8490222
34333,3149,true,2,4.968567
34333,3150,true,3,3.3000882
34333,3151,true,2,3.7753196
34333,3152,true,1,4.2146387
34333,2129,false,1,3.7605648
34333,3153,false,1,1.533606
34333,3154,true,2,3.9961953
34333,3155,true,1,3.4593706
34333,1108,false,1,3.6417406
34333,3156,true,1,3.0978956
34333,3157,true,2,3.3490863
34333,3158,true,6,3.431178
34333,3159,false,1,1.8274713
34333,1112,false,2,1.6183968
34333,2136,false,1,1.1314611
34333,3160,false,1,3.7506843
34333,3161,true,3,4.115595
34333,1114,false,2,0.926846
34333,3162,true,1,4.3826666
34333,1116,false,1,2.3341122
34333,3164,true,1,4.6930285
34333,3165,true,1,4.373966
34333,3166,false,2,2.9423103
34333,3167,true,2,3.556949
34333,3168,true,1,4.1830873
34333,3169,true,1,3.2285311
34333,3170,true,3,4.0776935
34333,3171,true,2,4.3634553
34333,3173,true,3,3.9243093
34333,3174,false,1,3.8318748
34333,3175,true,1,3.5173979
34333,3176,true,1,4.912938
34333,3177,true,1,3.8843236
34333,3178,true,1,3.215591
34333,3179,true,1,4.207875
34333,3180,true,3,4.1499085
34333,3181,false,1,1.2307861
34333,3182,true,2,3.1861315
34333,1135,false,2,2.1524484
34333,3183,true,1,4.499134
34333,3184,true,3,4.911686
34333,3186,false,2,2.4460068
34333,3187,true,1,4.210387
34333,3188,true,1,3.0667448
34333,3189,true,2,3.178547
34333,2166,true,1,4.4780025
34333,3190,true,2,4.469391
34333,3191,false,4,1.2195437
34333,3192,false,3,1.351708
34333,3193,true,1,4.581869
34333,3194,true,1,3.5532262
34333,3195,false,1,2.2594054
34333,2172,false,1,3.264792
34333,3196,false,1,0.7023191
34333,3197,true,6,3.3722544
34333,3198,true,1,3.4497356
34333,3199,true,3,3.4060185
34333,3200,true,1,4.3284087
34333,1153,false,2,1.4960786
34333,3201,true,2,4.371891
34333,3202,true,1,3.1470761
34333,3203,true,2,4.965191
34333,3204,true,1,3.615375
34333,1158,true,2,3.294757
34333,3206,false,1,1.3066928
34333,3208,true,1,3.4484558
34333,1161,false,1,3.349863
34333,3210,true,1,3.427535
34333,3211,true,1,3.0092778
34333,3212,true,2,3.0625787
34333,1165,true,1,3.0706224
34333,3214,false,1,1.0730447
34333,3215,true,1,3.2161438
34333,3216,true,1,3.138701
34333,3217,true,2,4.06747
34333,3218,true,3,3.0968976
34333,3220,true,1,4.0491457
34333,3221,true,2,3.7935166
34333,3222,true,1,4.4264765
34333,3223,false,1,0.6964436
34333,1176,false,1,0.64013034
34333,3224,true,6,4.9460983
34333,2202,true,2,3.7331014
34333,3226,true,2,3.0505595
34333,1179,false,1,3.2203765
34333,3227,true,1,4.015418
34333,3228,true,1,4.7537785
34333,3229,true,2,4.8386045
34333,3230,true,3,3.462997
34333,2207,true,2,3.9318757
34333,3231,false,1,3.5679884
34333,2208,false,1,0.8083998
34333,3232,true,3,4.499813
34333,1185,false,1,3.1552377
34333,1186,false,2,2.5240057
34333,2210,false,1,2.0495808
34333,3234,false,3,3.132668
34333,2211,false,3,1.9836644
34333,3239,true,3,4.8346543
34333,2216,false,1,0.43232876
34333,2219,false,1,1.873153
34333,1196,true,1,3.950794
34333,3244,false,1,1.2486757
34333,3245,false,1,1.9085387
34333,2229,false,1,2.8206935
34333,2236,true,3,3.0021021
34333,1214,false,1,1.0693718
34333,2239,true,1,4.2125044
34333,1216,false,1,2.6331866
34333,1218,true,3,4.8186016
34333,1221,true,3,3.9967434
34333,1223,false,1,2.7969506
34333,3271,false,2,1.2614176
34333,3272,true,2,3.3170733
34333,201,false,1,2.0664592
34333,204,false,1,3.7225058
34333,3278,false,1,2.6568737
34333,207,false,2,3.8639338
34333,1231,false,1,3.6732652
34333,1235,true,1,3.8196268
34333,3283,false,1,1.5140159
34333,3284,true,1,3.0579798
34333,218,false,1,1.2175153
34333,1242,false,1,2.3976502
34333,222,false,1,2.382807
34333,1249,false,1,0.015734673
34333,228,false,1,2.801541
34333,2276,false,2,3.6966858
34333,1258,true,1,4.20682
34333,2283,false,2,3.9952116
34333,1262,false,1,0.5143736
34333,2288,true,1,4.0019913
34333,2289,false,1,0.9553525
34333,243,false,1,3.8341935
34333,1269,false,1,2.7211964
34333,2293,false,1,2.1141996
34333,2294,false,1,3.2205944
34333,3318,true,2,3.253605
34333,1276,true,3,4.174775
34333,254,false,3,1.0947423
34333,1281,true,1,3.9737065
34333,259,false,1,3.4141927
34333,2310,false,1,2.756997
34333,3334,false,1,0.83407855
34333,3336,false,1,2.323299
34333,266,true,3,4.581784
34333,2314,true,2,3.883645
34333,1293,true,1,4.405521
34333,270,true,6,3.0504236
34333,2319,false,1,3.2640574
34333,272,true,1,3.156974
34333,275,false,1,1.2151486
34333,3352,false,1,3.9633493
34333,1307,true,1,3.080073
34333,3357,false,1,2.2115219
34333,1312,false,2,1.9317367
34333,1316,false,1,2.0843682
34333,294,true,1,4.148082
34333,3368,false,1,2.8932385
34333,3372,false,1,2.841827
34333,1326,true,4,3.602923
34333,303,false,1,1.4161453
34333,310,true,1,4.091819
34333,2363,false,1,2.698127
34333,3388,true,1,4.9705467
34333,3390,true,1,4.7443523
34333,321,false,1,0.040939093
34333,326,true,1,4.2474704
34333,1352,false,1,1.123699
34333,1353,true,1,3.2948642
34333,1356,true,1,3.0499723
34333,334,true,1,4.179125
34333,2383,false,3,3.2358127
34333,1361,false,1,2.5895503
34333,340,true,2,3.976427
34333,1365,true,1,3.8562894
34333,344,false,1,3.5547972
34333,2392,true,2,4.1395216
34333,1373,false,1,1.3009477
34333,353,false,3,1.7300744
34333,354,false,1,1.1885036
34333,2402,false,1,2.8353677
34333,1380,true,1,3.4089353
34333,2406,false,1,1.903739
34333,2407,true,2,3.0165694
34333,1384,true,4,4.297229
34333,361,false,1,3.7850986
34333,364,true,9,3.6788447
34333,3439,true,2,4.416507
34333,1392,false,1,2.469028
34333,1396,false,2,0.23547369
34333,2421,false,1,0.28460646
34333,2428,true,7,3.8255327
34333,381,false,1,2.1307478
34333,2431,false,2,2.6696255
34333,3455,false,2,3.4616375
34333,2433,false,1,3.3874774
34333,3457,true,1,4.70096
34333,1410,true,1,3.5423875
34333,2435,false,1,0.43255186
34333,390,false,3,1.7897217
34333,2443,false,2,3.5235012
34333,3470,true,3,3.8038678
34333,1426,false,1,1.6524634
34333,3475,false,1,1.6544471
34333,1429,false,2,2.5444834
34333,2453,false,1,0.34302473
34333,1430,false,3,0.8248083
34333,2454,true,1,3.7276964
34333,3482,false,1,0.049498737
34333,1435,true,3,4.938388
34333,415,false,1,0.3038203
34333,3489,false,2,3.7438076
34333,1442,false,2,2.00688
34333,1443,true,1,3.009306
34333,2470,false,3,2.006483
34333,1448,false,1,1.394356
34333,433,false,1,3.4850135
34333,436,false,1,3.3208003
34333,440,false,1,2.9515944
34333,2489,true,3,3.493342
34333,1468,true,4,3.4315398
34333,445,true,2,3.7500353
34333,2495,true,1,3.0555472
34333,453,false,1,2.9475307
34333,1477,false,1,3.7311566
34333,455,true,4,4.6692343
34333,457,false,1,0.28997356
34333,1481,false,1,3.2043278
34333,2507,true,1,4.279066
34333,3532,false,1,2.1393182
34333,461,false,1,2.3384771
34333,1485,false,1,1.4516902
34333,462,false,1,0.44132775
34333,3539,false,1,2.8726382
34333,469,false,1,3.2365098
34333,2519,false,1,1.583297
34333,472,false,2,1.1182427
34333,474,false,1,1.5683544
34333,477,false,1,0.023534775
34333,2525,false,2,0.39726776
34333,1502,false,1,0.89237726
34333,2526,false,1,2.6394105
34333,482,false,2,3.8469934
34333,2531,true,1,4.7455444
34333,1509,false,1,3.0651305
34333,487,false,1,0.72974277
34333,2539,false,2,0.8704674
34333,493,false,1,3.72026
34333,2541,true,4,3.8510966
34333,495,false,1,2.1936934
34333,2544,false,1,1.4593496
34333,3569,false,1,0.1373505
34333,498,false,2,2.305173
34333,2546,false,2,3.4687772
34333,1524,true,3,3.4918776
34333,501,true,1,3.6748476
34333,2550,true,2,4.112315
34333,1529,false,1,0.6427567
34333,3577,true,1,4.0241413
34333,1531,false,1,2.465236
34333,2555,false,1,3.738946
34333,508,false,1,0.22167158
34333,1533,false,1,2.5540934
34333,2558,true,2,4.4451523
34333,3584,true,8,4.2594743
34333,513,false,1,2.3784478
34333,514,false,1,3.3235903
34333,2562,false,1,1.1349165
34333,1539,false,1,3.879871
34333,2569,false,2,1.4214058
34333,1550,false,1,3.994952
34333,2575,true,1,3.877891
34333,2579,false,5,2.359404
34333,539,false,2,0.73025304
34333,1569,true,1,3.8508255
34333,1570,false,3,0.91327465
34333,2594,false,2,2.850144
34333,1571,false,1,0.32630455
34333,2595,true,3,3.1331513
34333,548,false,1,1.9060875
34333,549,false,1,2.8385184
34333,2598,false,1,1.221602
34333,2608,false,1,2.281879
34333,2622,false,2,1.9852927
34333,576,true,2,4.783889
34333,1605,true,4,4.896927
34333,1606,false,1,0.13952142
34333,1609,true,1,4.0453925
34333,1614,false,1,2.559157
34333,1615,true,2,3.8347156
34333,1619,false,1,2.959006
34333,599,false,1,2.2921104
34333,600,false,1,1.4989899
34333,1624,false,1,1.5976429
34333,1635,false,1,1.8172988
34333,615,false,2,2.8184543
34333,2672,true,1,3.6416059
34333,2673,true,1,4.9941535
34333,2675,true,5,4.2296963
34333,2676,true,2,4.9119496
34333,2677,true,1,4.6673784
34333,1654,false,1,3.19202
34333,2678,true,2,4.86062
34333,2679,false,1,0.34561527
34333,2680,true,1,3.5929742
34333,1658,false,1,2.5993366
34333,2682,true,1,3.0786057
34333,636,false,1,1.1246403
34333,2685,true,1,4.960361
34333,2686,true,2,4.184128
34333,2687,true,2,4.1099634
34333,2688,true,1,3.4937298
34333,641,true,1,3.699854
34333,2689,true,1,3.6030095
34333,2690,true,2,3.505191
34333,2691,true,3,3.2098227
34333,2692,true,1,3.900575
34333,2693,true,1,3.22452
34333,2694,true,1,3.0176878
34333,2695,true,3,4.5676455
34333,2696,true,4,4.5754776
34333,2697,true,3,4.6392736
34333,2699,true,1,3.8060303
34333,1676,false,1,1.0821524
34333,2700,false,1,2.1698968
34333,1677,false,1,0.32908207
34333,2701,false,1,3.8035238
34333,2703,true,1,4.278149
34333,1680,false,1,1.2725809
34333,2704,true,2,3.4153209
34333,2705,true,3,3.6289
34333,2706,true,1,4.369564
34333,2708,true,7,3.6848283
34333,2709,true,5,4.9496574
34333,2711,true,1,4.1267376
34333,2712,true,2,4.8305287
34333,2714,true,1,3.5855584
34333,2715,true,4,3.889155
34333,1692,false,1,1.6048074
34333,2716,true,2,3.2772934
34333,2717,true,1,4.5085125
34333,1695,true,2,4.512051
34333,2719,true,2,3.9697301
34333,672,false,1,2.3907688
34333,1696,false,3,2.863075
34333,2722,true,4,3.969214
34333,2723,true,5,4.1058283
34333,2724,true,3,4.6931934
34333,2725,true,1,3.0361788
34333,678,true,4,4.2511787
34333,2726,true,2,4.402274
34333,1703,true,3,3.6597128
34333,2727,true,6,3.2155488
34333,680,true,3,3.7095535
34333,2728,true,1,4.402995
34333,681,false,1,1.4001732
34333,2729,true,1,3.4828272
34333,2731,true,1,3.5831733
34333,2732,false,1,2.4110694
34333,2733,true,1,3.7947187
34333,2734,false,1,0.49690378
34333,2735,true,4,4.4622135
34333,2736,true,1,4.6881027
34333,1714,false,1,1.6543771
34333,2738,true,7,3.080863
34333,2739,true,2,4.9611454
34333,2740,true,5,3.300074
34333,2741,true,1,4.406633
34333,2742,false,1,3.9689534
34333,2743,true,4,3.3262205
34333,2744,false,1,1.7917767
34333,2745,false,1,2.8987308
34333,698,false,1,2.2229278
34333,2746,true,1,4.2773705
34333,2747,true,1,3.835188
34333,2748,true,2,3.8297198
34333,2749,true,3,3.9284246
34333,2750,true,1,4.138667
34333,2751,false,1,0.33431536
34333,2753,true,2,4.9282
34333,1730,true,9,3.6296992
34333,2754,true,2,4.19025
34333,2755,true,3,3.852901
34333,2756,false,2,3.0191088
34333,2757,true,1,4.901336
34333,1734,false,1,2.7134743
34333,2758,true,1,4.65222
34333,2759,true,1,3.164579
34333,2760,true,1,4.39023
34333,2761,true,2,4.333667
34333,2762,true,1,4.3195086
34333,2763,true,2,3.3824663
34333,2764,true,5,4.4769654
34333,2765,true,1,4.968673
34333,2766,false,1,3.7600033
34333,2768,false,1,3.2703447
34333,721,true,1,4.0741568
34333,2769,true,1,3.0316036
34333,1746,false,1,0.9743651
34333,2770,true,2,4.4460826
34333,2771,true,4,4.812966
34333,2774,false,1,0.74305177
34333,2775,true,1,3.2269716
34333,2776,false,2,0.53371876
34333,2779,true,2,3.3477275
34333,2780,true,2,3.411196
34333,1757,false,1,2.9565864
34333,2781,true,1,3.4270406
34333,2782,true,1,4.072873
34333,2783,false,2,1.8509842
34333,1764,false,1,3.229897
34333,2794,false,1,3.854744
34333,748,false,1,1.7022867
34333,1775,false,1,1.7419556
34333,754,false,3,0.44480413
34333,1779,true,2,4.490203
34333,1784,true,1,3.979546
34333,1787,true,1,3.2004452
34333,765,false,1,1.1065786
34333,771,true,7,3.6586459
34333,772,false,2,3.1913266
34333,1796,false,1,3.1068907
34333,777,true,1,3.5393991
34333,1802,false,1,3.3680196
34333,2826,false,1,2.9427152
34333,2829,false,3,1.2425122
34333,784,false,1,1.8250058
34333,1813,false,2,3.8739097
34333,2843,false,1,0.94993854
34333,801,false,1,1.0527381
34333,2851,true,1,4.598992
34333,2852,false,2,3.101876
34333,1835,false,1,0.33133793
34333,2860,false,1,2.911712
34333,1838,false,1,2.2762039
34333,2864,false,2,1.5817113
34333,831,true,1,4.2768917
34333,2882,false,1,0.07856566
34333,1859,true,3,3.0209706
34333,1866,false,1,3.0039139
34333,848,false,1,3.0097973
34333,2896,true,4,3.913253
34333,1875,false,1,3.9396043
34333,2899,false,1,3.8017166
34333,1876,false,1,0.71446234
34333,853,false,1,2.934432
34333,2904,false,3,3.8725615
34333,2907,true,1,3.7326684
34333,2908,true,2,3.2760353
34333,861,false,1,0.9550272
34333,2909,true,1,3.4892242
34333,1886,true,5,4.4417953
34333,2910,true,1,3.7396603
34333,2911,true,2,4.749697
34333,2912,true,3,4.157866
34333,2913,true,3,4.4368773
34333,1890,true,1,3.8862479
34333,2914,false,2,0.9874308
34333,868,true,1,3.9680037
34333,2916,true,1,3.6978958
34333,1893,false,1,3.867199
34333,2917,true,8,4.344477
34333,2918,false,2,1.5617149
34333,2919,true,2,4.6648564
34333,2920,true,3,4.4465923
34333,2921,true,1,4.422595
34333,2922,true,1,4.673079
34333,2923,true,2,3.1551533
34333,1900,false,1,2.6390197
34333,2924,true,4,3.2251627
34333,2925,true,1,3.4772549
34333,2928,true,8,3.5590975
34333,2929,true,1,4.3632774
34333,882,false,1,1.6396794
34333,2930,true,3,3.1858191
34333,2931,true,5,4.9786286
34333,2932,true,1,4.151785
34333,2933,true,2,4.432486
34333,890,false,1,1.8362913
34333,2938,false,1,2.0000548
34333,2939,false,1,2.3520026
34333,2940,false,1,1.3443291
34333,2941,false,1,3.9775343
34333,2942,true,1,3.8243093
34333,2943,true,1,4.7760577
34333,896,false,2,3.834754
34333,2946,true,3,4.15152
34333,2947,true,1,3.2888253
34333,2948,true,2,3.2770796
34333,2949,true,5,4.7350802
34333,2950,true,1,4.3140435
34333,2951,true,5,4.4161215
34333,2952,true,2,4.122056
34333,2953,true,3,3.5926514
34333,1930,false,1,1.5743744
34333,2954,true,2,3.2084405
34333,2955,true,1,4.186966
34333,908,true,2,3.2367227
34333,2957,true,2,4.389893
34333,2958,true,1,3.2207968
34333,911,true,6,4.4138618
34333,2959,false,1,0.15225416
34333,1936,true,3,3.7625294
34333,2960,true,1,4.7720966
34333,2962,true,2,4.7263207
34333,2963,true,1,3.9321551
34333,916,false,3,3.0240462
34333,1940,true,1,4.1185102
34333,2964,true,1,3.530032
34333,2965,false,1,0.044155777
34333,2966,true,2,3.1351635
34333,2967,true,1,4.209056
34333,920,false,1,2.6967225
34333,2968,true,2,4.5011883
34333,2969,true,3,4.1276407
34333,922,true,2,3.4374163
34333,2970,true,2,3.9726229
34333,2971,true,1,4.7512393
34333,2972,true,1,4.7156205
34333,2973,true,3,4.732444
34333,1950,false,2,3.549201
34333,2974,false,1,0.47439963
34333,927,false,2,3.5340362
34333,1951,true,1,4.596991
34333,2976,true,2,3.900768
34333,2977,true,1,4.377529
34333,2978,true,2,4.0174856
34333,2979,false,1,3.92961
34333,2980,true,3,3.2817712
34333,2981,true,2,4.6584625
34333,1958,false,1,1.6101103
34333,1959,true,1,4.7603264
34333,2983,true,1,4.2048507
34333,2985,true,3,3.1475134
34333,938,false,1,2.2457108
34333,2986,false,1,2.4180827
34333,1963,true,1,4.3804092
34333,2987,false,1,0.41364938
34333,2988,true,1,3.725838
34333,2989,true,2,3.102727
34333,2990,true,1,3.0210607
34333,2991,true,1,3.0588636
34333,944,false,1,0.38082516
34333,2992,true,2,4.2856026
34333,2994,true,1,3.9980407
34333,2995,true,1,3.2125602
34333,2996,true,3,4.8587704
34333,2997,false,1,3.792605
34333,2998,true,1,4.7533484
34333,951,true,1,3.575418
34333,1975,false,1,1.4299252
34333,2999,true,4,3.8852654
34333,3000,false,1,3.096564
34333,3001,true,1,4.311688
34333,954,false,2,0.1502325
34333,3003,true,2,3.0658941
34333,3004,true,1,4.7197866
34333,3007,false,2,3.090735
34333,3008,false,2,3.7657208
34333,3009,true,1,4.927191
34333,3010,true,1,3.0389397
34333,963,false,1,1.9134762
34333,3011,true,1,3.2778397
34333,3012,true,2,3.3512046
34333,3013,true,1,4.138829
34333,3014,false,1,3.214596
34333,3016,true,2,3.6458845
34333,3017,true,4,3.0034566
34333,3018,true,3,4.866747
34333,972,true,3,4.1512513
34333,3020,true,4,3.1547322
34333,3021,true,2,4.667388
34333,1998,true,1,4.214061
34333,3022,false,2,0.6673421
34333,3023,true,1,4.470301
34333,3024,true,2,4.4438863
34333,3025,false,1,3.8425817
34333,3026,true,1,3.1801722
34333,2003,true,2,4.592
34333,3027,true,3,4.1969147
34333,3028,true,5,4.608579
34333,981,true,1,3.4950716
34333,3029,false,1,2.0183532
34333,3030,true,1,3.387559
34333,3031,false,2,3.8973815
34333,3032,false,1,1.4709103
34333,3033,true,1,4.4502926
34333,3034,true,1,3.976729
34333,3035,false,3,0.06931329
34333,3036,false,1,3.7383215
34333,2013,false,1,1.5336549
34333,3037,true,1,4.454822
34333,3038,false,1,2.6335287
34333,993,false,1,0.1442216
34333,3041,true,1,3.9837852
34333,3042,true,3,4.3494153
34333,3043,true,2,4.852319
34333,3044,false,1,0.12745589
34333,998,false,1,0.94538915
34333,3046,true,2,3.1244817
34333,3047,true,2,4.7403226
34333,3048,true,3,3.9688907
34333,3049,true,1,3.35775
34333,1002,false,1,3.844768
34333,3050,true,4,3.7060504
34333,3051,true,1,3.3199131
34333,3052,true,4,3.6120656
34333,3053,true,3,3.3954291
34333,1006,true,1,4.307817
34333,3054,true,1,4.1331844
34333,3055,false,1,2.5753322
34333,3056,true,1,3.720254
34333,3057,true,6,3.394813
34333,3058,true,2,3.5607567
34333,2035,true,1,3.219537
34333,3059,true,4,4.1787167
34333,2036,true,1,4.9121366
34333,3060,true,1,3.0824556
34333,3061,true,3,4.6677732
34333,3062,true,2,3.6653876
34333,3063,true,2,3.563439
34333,3064,true,3,4.516171
34333,3065,true,1,4.3301973
34333,3066,true,1,3.2674778
34333,2043,false,3,0.32469386
34333,3067,false,1,1.9514194
34333,3068,true,4,3.5029082
34333,3069,false,1,2.8526835
34333,3070,true,1,3.6095977
34333,3071,false,2,1.1531821
